[ 8367.970574] [project1] 5883 1556639762.264971580 1556639763.462768013
[ 8370.304033] [project1] 5884 1556639764.577022102 1556639765.796198328
[ 8372.626751] [project1] 5885 1556639766.865880375 1556639768.118876323
[ 8375.066873] [project1] 5886 1556639769.294220893 1556639770.558955284
[ 8377.401520] [project1] 5887 1556639771.682895077 1556639772.893540017
[ 8379.632736] [project1] 5888 1556639773.992111152 1556639775.124739950
[ 8382.156839] [project1] 5889 1556639776.448711977 1556639777.648790483
[ 8384.495118] [project1] 5891 1556639778.788543469 1556639779.987040957
[ 8386.857076] [project1] 5894 1556639781.109946384 1556639782.348963135
[ 8389.125841] [project1] 5895 1556639783.435570684 1556639784.617690723
